main_img|Головне зоображення.||image||1|0|0|0|||0|0|||||||||
price|ціна|13,14,9,12,11,10,20,17,18,19,21|text||1|0|0|0|||0|0|||||||||
files|кількість шматочків|13,14,9,12,11,10,20,18|text||1|0|0|0|||0|0|||||||||
ccy|грамовка|13,14,9,12,11,10,20,17,18|text||1|0|0|0|||0|0|||||||||
goods_description|Опис товару для кошика||text||1|0|0|0|||0|0|||||||||
losos|Лосось|13,12,11,10,9,14,15|yesorno||0|0|0|0|||0|0|||||0||||
losos-h-k|Лосось х/к|13,12,11,10,9,14|yesorno||0|0|0|0|||0|0|||||0||||
tunec|Тунець|13,12,11,10,9,14|yesorno||0|0|0|0|||0|0|||||0||||
vugor|Вугор|13,12,11,10,9,14|yesorno||0|0|0|0|||0|0|||||0||||
krevedki|Креведки|13,12,11,10,9,14|yesorno||0|0|0|0|||0|0|||||0||||
kra-tobko|Ікра тобіко|13,12,11,10,9,14|yesorno||0|0|0|0|||0|0|||||0||||
kra-lososeva|Ікра  лососева|13,12,11,10,9,14,15|yesorno||0|0|0|0|||0|0|||||0||||
sir-fladelfja|Сир філадельфія|13,12,11,10,9,14|yesorno||0|0|0|0|||0|0|||||0||||
avokado|Авокадо|13,12,11,10,9,14,15|yesorno||0|0|0|0|||0|0|||||0||||
mbir|Імбир|9,12,11,10,20|yesorno||0|0|0|0|||0|0|||||0||||
konzhut-blij|Конжут білий|13,12,11,10,9,14|yesorno||0|0|0|0|||0|0|||||0||||
konzhut-chornij|Конжут чорний|13,12,11,10,9,14|yesorno||0|0|0|0|||0|0|||||0||||
japonskij-majonez|Японський майонез|13,12,11,10,9,14|yesorno||0|0|0|0|||0|0|||||0||||
nor|Норі|13,12,11,10,9,14|yesorno||0|0|0|0|||0|0|||||1||||
ogrok|Огірок|13,12,11,10,9,14|yesorno||0|0|0|0|||0|0|||||0||||
bolgarskij-perec|Болгарський перець|13,12,11,10,9,14|yesorno||0|0|0|0|||0|0|||||0||||
ris|Рис|13,12,11,10,9,14|yesorno||0|0|0|0|||0|0|||||1||||
listja-salatu|Листя салату|13,12,11,10,9,14|yesorno||0|0|0|0|||0|0|||||0||||
sous-soyevij|Соус соєвий|13,12,11,10,9,14|yesorno||0|0|0|0|||0|0|||||0||||
sous-unag|Соус унагі|13,12,11,10,9,14|yesorno||0|0|0|0|||0|0|||||0||||
sous-gorhovij|Соус горіховий|13,12,11,10,9,14|yesorno||0|0|0|0|||0|0|||||0||||
sous-spajs|Соус спайсі|13,12,11,10,9,14|yesorno||0|0|0|0|||0|0|||||0||||
salat-chuka|Салат чука|13,12,11,10,9,14|yesorno||0|0|0|0|||0|0|||||0||||
vasab|Васабі|13,12,11,10,9,14|yesorno||0|0|0|0|||0|0|||||0||||
end_date|Дата закінчення акції (рр-мм-дд)|16|text||1|0|0|0|||0|0|||||||||
sir-tosternij|Сир тостерний|9,12|yesorno||0|0|0|0|||0|0|||||0||||
set_ids|Склад сету(23,31,12)|18|text||1|0|0|1|||0|0|||||||||